8.964843750000000000e-01 1.762695312500000000e-01
9.687500000000000000e-01 1.142578125000000000e-01
9.062500000000000000e-01 2.246093750000000000e-01
9.750976562500000000e-01 8.203125000000000000e-02
8.608398437500000000e-01 3.002929687500000000e-01
9.399414062500000000e-01 1.728515625000000000e-01
7.729492187500000000e-01 2.719726562500000000e-01
9.448242187500000000e-01 1.054687500000000000e-01
9.082031250000000000e-01 2.490234375000000000e-01
9.101562500000000000e-01 1.752929687500000000e-01
8.452148437500000000e-01 3.818359375000000000e-01
9.365234375000000000e-01 1.533203125000000000e-01
7.329101562500000000e-01 3.188476562500000000e-01
9.599609375000000000e-01 1.103515625000000000e-01
7.998046875000000000e-01 2.504882812500000000e-01
9.375000000000000000e-01 1.347656250000000000e-01
9.404296875000000000e-01 1.630859375000000000e-01
9.433593750000000000e-01 1.621093750000000000e-01
8.886718750000000000e-01 1.811523437500000000e-01
9.604492187500000000e-01 1.186523437500000000e-01
9.243164062500000000e-01 1.440429687500000000e-01
9.394531250000000000e-01 1.308593750000000000e-01
9.169921875000000000e-01 2.124023437500000000e-01
9.448242187500000000e-01 1.328125000000000000e-01
7.998046875000000000e-01 3.623046875000000000e-01
8.896484375000000000e-01 2.983398437500000000e-01
9.365234375000000000e-01 1.611328125000000000e-01
8.935546875000000000e-01 2.329101562500000000e-01
9.418945312500000000e-01 1.542968750000000000e-01
9.277343750000000000e-01 1.347656250000000000e-01
7.685546875000000000e-01 2.846679687500000000e-01
7.792968750000000000e-01 2.543945312500000000e-01
8.002929687500000000e-01 2.670898437500000000e-01
8.271484375000000000e-01 2.158203125000000000e-01
8.535156250000000000e-01 1.752929687500000000e-01
8.857421875000000000e-01 1.464843750000000000e-01
9.218750000000000000e-01 2.246093750000000000e-02
9.375000000000000000e-01 -3.027343750000000000e-02
9.648437500000000000e-01 -1.220703125000000000e-01
9.843750000000000000e-01 -1.787109375000000000e-01
9.838867187500000000e-01 -2.031250000000000000e-01
9.892578125000000000e-01 -2.031250000000000000e-01
9.804687500000000000e-01 -1.943359375000000000e-01
9.892578125000000000e-01 -2.041015625000000000e-01
9.794921875000000000e-01 -2.119140625000000000e-01
9.594726562500000000e-01 -1.914062500000000000e-01
9.746093750000000000e-01 -2.148437500000000000e-01
9.824218750000000000e-01 -2.050781250000000000e-01
9.687500000000000000e-01 -1.542968750000000000e-01
9.667968750000000000e-01 -1.230468750000000000e-01
9.609375000000000000e-01 -1.464843750000000000e-01
9.555664062500000000e-01 -1.699218750000000000e-01
9.667968750000000000e-01 -1.669921875000000000e-01
9.770507812500000000e-01 -1.679687500000000000e-01
9.721679687500000000e-01 -1.533203125000000000e-01
9.731445312500000000e-01 -1.269531250000000000e-01
9.677734375000000000e-01 -1.308593750000000000e-01
9.521484375000000000e-01 -1.132812500000000000e-01
9.570312500000000000e-01 -1.357421875000000000e-01
9.741210937500000000e-01 -1.582031250000000000e-01
9.790039062500000000e-01 -1.572265625000000000e-01
9.765625000000000000e-01 -1.699218750000000000e-01
9.804687500000000000e-01 -1.679687500000000000e-01
9.770507812500000000e-01 -1.425781250000000000e-01
9.653320312500000000e-01 -1.289062500000000000e-01
9.526367187500000000e-01 -1.250000000000000000e-01
9.697265625000000000e-01 -1.640625000000000000e-01
9.726562500000000000e-01 -1.728515625000000000e-01
9.726562500000000000e-01 -1.318359375000000000e-01
9.746093750000000000e-01 -1.367187500000000000e-01
9.438476562500000000e-01 -7.421875000000000000e-02
9.326171875000000000e-01 -7.910156250000000000e-02
9.272460937500000000e-01 -1.005859375000000000e-01
9.140625000000000000e-01 -1.054687500000000000e-01
9.399414062500000000e-01 -1.464843750000000000e-01
9.423828125000000000e-01 -1.298828125000000000e-01
9.501953125000000000e-01 -1.435546875000000000e-01
9.648437500000000000e-01 -1.396484375000000000e-01
9.707031250000000000e-01 -1.318359375000000000e-01
9.628906250000000000e-01 -1.210937500000000000e-01
9.589843750000000000e-01 -1.376953125000000000e-01
9.482421875000000000e-01 -1.259765625000000000e-01
9.677734375000000000e-01 -1.669921875000000000e-01
9.492187500000000000e-01 -1.201171875000000000e-01
9.462890625000000000e-01 -1.162109375000000000e-01
